9 0.158203125 0.7197265625 0.0791015625 0.0830078125
16 0.3173828125 0.7080078125 0.03515625 0.0947265625
16 0.3564453125 0.7109375 0.029296875 0.0888671875
16 0.7294921875 0.7490234375 0.029296875 0.0693359375
16 0.5849609375 0.744140625 0.0166015625 0.0556640625
16 0.6005859375 0.7490234375 0.0146484375 0.046875
9 0.1904296875 0.7041015625 0.0400390625 0.05859375
9 0.2119140625 0.703125 0.0185546875 0.0224609375
9 0.232421875 0.697265625 0.0185546875 0.0224609375
16 0.2646484375 0.6982421875 0.00390625 0.01953125
16 0.271484375 0.7001953125 0.005859375 0.0166015625
9 0.2587890625 0.6982421875 0.0126953125 0.013671875