19 0.3603515625 0.5869140625 0.2119140625 0.4267578125
19 0.5498046875 0.6083984375 0.1640625 0.314453125
19 0.666015625 0.5146484375 0.076171875 0.197265625
19 0.8212890625 0.62109375 0.1142578125 0.2294921875
9 0.8232421875 0.1083984375 0.158203125 0.087890625
16 0.037109375 0.5400390625 0.07421875 0.9150390625
16 0.5048828125 0.3623046875 0.0703125 0.2509765625
16 0.578125 0.3974609375 0.068359375 0.1708984375
16 0.638671875 0.462890625 0.07421875 0.3388671875
16 0.6943359375 0.4228515625 0.072265625 0.3017578125
16 0.79296875 0.3857421875 0.154296875 0.2802734375
16 0.9482421875 0.515625 0.099609375 0.3759765625
16 0.9736328125 0.6015625 0.0478515625 0.4345703125