16 0.3740234375 0.8984375 0.064453125 0.17578125
8 0.7841796875 0.81640625 0.427734375 0.3095703125
15 0.265625 0.9267578125 0.17578125 0.125
9 0.4619140625 0.8974609375 0.2041015625 0.109375
16 0.0634765625 0.8583984375 0.0341796875 0.0908203125
16 0.26953125 0.900390625 0.0595703125 0.1572265625
16 0.310546875 0.8896484375 0.0703125 0.15234375
16 0.3759765625 0.90234375 0.064453125 0.1630859375
15 0.39453125 0.9267578125 0.06640625 0.087890625
16 0.3984375 0.849609375 0.0244140625 0.0615234375
17 0.740234375 0.5888671875 0.015625 0.0263671875
16 0.912109375 0.4091796875 0.0322265625 0.029296875