3 0.017578125 0.3916015625 0.03515625 0.357421875
3 0.044921875 0.3916015625 0.0302734375 0.3271484375
3 0.0703125 0.41015625 0.0478515625 0.3095703125
3 0.09765625 0.4052734375 0.0361328125 0.3125
3 0.126953125 0.4169921875 0.0380859375 0.2880859375
3 0.1669921875 0.3994140625 0.0615234375 0.32421875
3 0.201171875 0.4951171875 0.0615234375 0.1318359375
3 0.2060546875 0.36328125 0.0283203125 0.15625
3 0.2216796875 0.326171875 0.015625 0.044921875
3 0.240234375 0.427734375 0.0322265625 0.26171875
3 0.255859375 0.4208984375 0.0400390625 0.2705078125
3 0.2802734375 0.3935546875 0.0244140625 0.1865234375
3 0.2998046875 0.35546875 0.0244140625 0.10546875
3 0.322265625 0.345703125 0.0283203125 0.060546875
3 0.51171875 0.2548828125 0.076171875 0.095703125